[0/1] C:\WINDOWS\system32\cmd.exe /C "cd /D D:\Esp-idf\Esp32MCU_jigaku\Esp32_c3mini1_project\RGB_blinkLED\build && D:\Esp-idf\Espressif\tools\cmake\3.30.2\bin\cmake.exe -D IDF_SIZE_TOOL=D:/Esp-idf/Espressif/python_env/idf5.4_py3.11_env/Scripts/python.exe;-m;esp_idf_size -D IDF_SIZE_MODE=--archives -D MAP_FILE=D:/Esp-idf/Esp32MCU_jigaku/Esp32_c3mini1_project/RGB_blinkLED/build/RGB_blinkLED.map -D OUTPUT_JSON= -P D:/Esp-idf/Espressif/frameworks/esp-idf-v5.4/tools/cmake/run_size_tool.cmake"
                                                                     Per-archive contributions to ELF file                                                                     
+-----------------------------------------------------------------------------------------------------------------------------------------------------------------------------+
| Archive File                    | Total Size |  DRAM | .bss | .data | .text | Flash Code | .text | Flash Data | .rodata | .appdesc | RTC SLOW | .rtc_reserved | .force_fast |
|---------------------------------+------------+-------+------+-------+-------+------------+-------+------------+---------+----------+----------+---------------+-------------|
| libc.a                          |      51469 |   584 |  320 |   264 |     0 |      47208 | 47208 |       3677 |    3677 |        0 |        0 |             0 |           0 |
| libesp_app_format.a             |      29162 |    10 |   10 |     0 |     0 |        530 |   530 |      28622 |   28366 |      256 |        0 |             0 |           0 |
| libesp_hw_support.a             |      18239 |  4929 |   67 |    48 |  4814 |      12738 | 12738 |        520 |     520 |        0 |       52 |            24 |          28 |
| libfreertos.a                   |      14903 | 13478 | 2240 |    88 | 11150 |        552 |   552 |        873 |     873 |        0 |        0 |             0 |           0 |
| libheap.a                       |      13678 |  9072 |    8 |     4 |  9060 |       3824 |  3824 |        782 |     782 |        0 |        0 |             0 |           0 |
| libhal.a                        |      12225 | 10141 |    4 |  2729 |  7408 |       2026 |  2026 |         58 |      58 |        0 |        0 |             0 |           0 |
| libesp_system.a                 |      11811 |  2384 |  138 |   100 |  2146 |       8830 |  8830 |        597 |     597 |        0 |        0 |             0 |           0 |
| libspi_flash.a                  |      10248 |  8806 |   18 |  1538 |  7250 |       1160 |  1160 |        282 |     282 |        0 |        0 |             0 |           0 |
| libesp_driver_rmt.a             |       9654 |  2685 |   12 |    77 |  2596 |       6526 |  6526 |        443 |     443 |        0 |        0 |             0 |           0 |
| libesp_driver_uart.a            |       8210 |   136 |   24 |   112 |     0 |       7522 |  7522 |        552 |     552 |        0 |        0 |             0 |           0 |
| libvfs.a                        |       5087 |   236 |   44 |   192 |     0 |       4708 |  4708 |        143 |     143 |        0 |        0 |             0 |           0 |
| libesp_mm.a                     |       4371 |  1274 |   44 |    60 |  1170 |       2908 |  2908 |        189 |     189 |        0 |        0 |             0 |           0 |
| libnewlib.a                     |       4021 |  2316 |  200 |   156 |  1960 |       1594 |  1594 |        111 |     111 |        0 |        0 |             0 |           0 |
| libesp_driver_gpio.a            |       2587 |    36 |    0 |    36 |     0 |       2240 |  2240 |        311 |     311 |        0 |        0 |             0 |           0 |
| libesp_driver_usb_serial_jtag.a |       2519 |   167 |   17 |    48 |   102 |       2200 |  2200 |        152 |     152 |        0 |        0 |             0 |           0 |
| libesp_common.a                 |       1816 |     0 |    0 |     0 |     0 |         58 |    58 |       1758 |    1758 |        0 |        0 |             0 |           0 |
| libmain.a                       |       1764 |     8 |    8 |     0 |     0 |       1576 |  1576 |        180 |     180 |        0 |        0 |             0 |           0 |
| libesp_pm.a                     |       1749 |   850 |  100 |     4 |   746 |        882 |   882 |         17 |      17 |        0 |        0 |             0 |           0 |
| libesp_ringbuf.a                |       1502 |  1360 |    0 |     0 |  1360 |          0 |     0 |        142 |     142 |        0 |        0 |             0 |           0 |
| libespressif__led_strip.a       |       1408 |     0 |    0 |     0 |     0 |       1356 |  1356 |         52 |      52 |        0 |        0 |             0 |           0 |
| liblog.a                        |       1402 |   602 |  272 |     8 |   322 |        776 |   776 |         24 |      24 |        0 |        0 |             0 |           0 |
| libriscv.a                      |       1292 |  1112 |  256 |     0 |   856 |        130 |   130 |         50 |      50 |        0 |        0 |             0 |           0 |
| libesp_partition.a              |       1255 |     8 |    8 |     0 |     0 |       1210 |  1210 |         37 |      37 |        0 |        0 |             0 |           0 |
| libbootloader_support.a         |       1016 |   930 |    0 |     0 |   930 |         46 |    46 |         40 |      40 |        0 |        0 |             0 |           0 |
| libesp_vfs_console.a            |        730 |    16 |   16 |     0 |     0 |        534 |   534 |        180 |     180 |        0 |        0 |             0 |           0 |
| libgcc.a                        |        628 |     0 |    0 |     0 |     0 |        628 |   628 |          0 |       0 |        0 |        0 |             0 |           0 |
| libefuse.a                      |        546 |     0 |    0 |     0 |     0 |        490 |   490 |         56 |      56 |        0 |        0 |             0 |           0 |
| libesp_timer.a                  |        478 |    94 |   20 |     0 |    74 |        376 |   376 |          8 |       8 |        0 |        0 |             0 |           0 |
| libsoc.a                        |        460 |     0 |    0 |     0 |     0 |          0 |     0 |        460 |     460 |        0 |        0 |             0 |           0 |
| libpthread.a                    |        264 |     4 |    4 |     0 |     0 |        260 |   260 |          0 |       0 |        0 |        0 |             0 |           0 |
| libapp_update.a                 |        232 |     4 |    4 |     0 |     0 |        198 |   198 |         30 |      30 |        0 |        0 |             0 |           0 |
| libstdc++.a                     |        143 |    13 |   13 |     0 |     0 |        118 |   118 |         12 |      12 |        0 |        0 |             0 |           0 |
| libnvs_flash.a                  |         44 |     4 |    4 |     0 |     0 |         36 |    36 |          4 |       4 |        0 |        0 |             0 |           0 |
| libcxx.a                        |         16 |     0 |    0 |     0 |     0 |         16 |    16 |          0 |       0 |        0 |        0 |             0 |           0 |
| libesp_security.a               |         14 |     0 |    0 |     0 |     0 |          6 |     6 |          8 |       8 |        0 |        0 |             0 |           0 |
| libesp_phy.a                    |          2 |     0 |    0 |     0 |     0 |          2 |     2 |          0 |       0 |        0 |        0 |             0 |           0 |
| libnvs_sec_provider.a           |          2 |     0 |    0 |     0 |     0 |          2 |     2 |          0 |       0 |        0 |        0 |             0 |           0 |
+-----------------------------------------------------------------------------------------------------------------------------------------------------------------------------+
